0.2250284 6.225377e-05 0.04932511 0.5554174 0.07883509
0.005617516 0.01665206 0.02653279 0.195153 0.8116692
0.7697407 0.8358152 0.006745479 0.0003250967 0.7933385
0.5577931 0.9257191 0.002182823 0.003295939 0.002837144
0.9307731 0.01074106 0.01060937 0.01162947 0.1423853
0.0003846834 0.2374105 0.3998214 0.2050825 0.4936724
0.5779038 0.5670957 0.09855404 0.02285497 0.08541927
0.1183197 0.5680017 0.0001791502 0.0878113 0.4623177
0.2699429 0.08703585 0.2286315 0.1078456 0.5100272
0.004907739 0.1202633 0.04381735 0.1567685 0.000253314
0.3043614 0.7273211 0.6171839 0.08444995 0.07889753
0.06983331 0.1216817 0.01420128 0.01758343 0.1127547
0.799761 8.528802e-05 0.01594989 0.2318766 0.08791791
0.003568361 0.07789775 0.003835973 0.764182 0.02533974
0.1239767 0.03654278 0.7955695 0.0002891887 0.02818865
0.166471 0.1093521 0.01131232 0.02785069 0.003489674
0.7723447 0.03015174 0.08033452 0.0676493 0.8872067
7.189343e-06 0.01132296 0.1314682 0.07168438 0.0007318224
0.02966553 8.672501e-05 0.8759152 0.001637263 0.04858376
0.01431987 0.8852437 2.142377e-05 0.04047769 0.1179869
0.03368702 0.005302598 0.009798349 0.001983398 0.8755418
0.007648426 0.01431575 0.05004455 0.9387182 0.0002265483
0.00595551 0.06469853 0.05122356 0.001944299 0.001091273
0.0006303075 0.9354355 0.004667349 0.004741531 0.001437781
0.8825886 4.371214e-05 0.008078756 0.03889694 0.005409555
0.02490451 0.01974244 0.01944135 0.8764915 0.02721213
0.02430069 0.03939172 0.4316629 0.0002367277 0.0110294
0.5472376 0.5153203 0.003253729 0.005829479 0.002279039
0.3117581 0.00107667 0.002406488 0.03070283
